image_width: 640
image_height: 480
camera_name: head_camera
camera_matrix:
  rows: 3
  cols: 3
  data: [810.76985,   0.     , 337.81665,
           0.     , 809.07314, 260.16809,
           0.     ,   0.     ,   1.     ]
distortion_model: plumb_bob
distortion_coefficients:
  rows: 1
  cols: 5
  data: [0.052325, -0.048482, 0.004829, -0.009449, 0.000000]
rectification_matrix:
  rows: 3
  cols: 3
  data: [1., 0., 0.,
         0., 1., 0.,
         0., 0., 1.]
projection_matrix:
  rows: 3
  cols: 4
  data: [819.85248,   0.     , 333.15467,   0.     ,
           0.     , 821.14832, 261.1511 ,   0.     ,
           0.     ,   0.     ,   1.     ,   0.     ]
